
add part block11899 to ground-part at [1.25 0.35 0.75] [0.0 1.0 0.0 0.0]
add part track11900 to block11899 at [0.0 1.25 0.0] [0.0 1.0 0.0 0.0]
add part block11901 to track11900 at [0 0.25 0] [1 0 0 0]
scale block11901 by + [1.1 0 0]
scale block11901 by + [0 -0.4 0]
set color of block11901 to yellow
add part block11906 to ground-part at [-0.35 0.35000002 0.75] [0.0 1.0 0.0 0.0]
scale block11906 by + [0 1.1 0]
add part chip11902 to block11906 at [0.0 -0.55 0.2850001] [1.0 0.0 0.0 90.00000250447816]
set chip11902 function track11900 [[0.0 0.5] [5 1]] false
activate true chip11902
legend bottom 1 "after activation"
add part chip11903 to block11906 at [0.0 -0.19999999 0.2850001] [1.0 0.0 0.0 90.00000250447816]
set chip11903 function track11900 [[0 0] [5 0.5]] false
add part probe11908 to block11906 at [0.3 0.55 0.0] [0.0 0.0 -1.0 90.00000250447816]
add part probe11907 to block11901 at [0.74999994 -0.10000014 -5.9604645E-8] [1.0 -4.371139E-8 0.0 180.00000500895632]
add part button11904 to ground-part at [2.25 0.2 0.75] [0.0 1.0 0.0 0.0]
add part motherboard11905 to block11906 at [0.0 0.14999998 0.2850001] [1.0 0.0 0.0 90.00000250447816]
set motherboard11905 tab 0 [button11904 90 true] [probe11907 160] [chip11902 370] [and18130 160 100] [connection18131 button11904 [90 100] gate-and18130] [connection9254 probe11907 gate-and18130] [connection9258 gate-and18130 [370 100] chip11902]
set motherboard11905 tab 1 [chip11903 290] [and18135 160 100] [not18134 160 50] [connection18136 button11904 [90 100] gate-and18135] [connection18138 gate-not18134 gate-and18135] [connection9255 probe11907 gate-not18134] [connection9257 gate-and18135 [290 100] chip11903]
>
set variable mode to simulation
mouse  [[0 0 0] [25 -35] 40] true left [493 443 0] [493 443 143]
legend bottom 1 "hide mouse cursor here"
mouse [[0 0 0] [25 -35] 40] true right [493 444 0] [492 445 0] [491 447 19] [490 448 19] [488 450 43] [488 451 43] [486 453 43] [485 454 43] [483 456 53] [482 457 66] [480 459 82] [478 460 82] [476 462 98] [473 464 115] [471 465 115] [469 467 142] [467 468 142] [464 470 154] [461 471 154] [458 473 154] [455 474 168] [453 476 168] [451 477 181] [448 478 181] [446 479 199] [443 480 217] [440 482 217] [437 482 217] [433 484 231] [430 485 231] [427 485 248] [424 486 249] [421 487 266] [418 488 266] [415 488 281] [413 488 281] [411 489 298] [407 490 298] [404 491 316] [400 491 316] [398 492 333] [395 492 333] [392 492 333] [388 493 350] [384 493 350] [381 494 365] [377 494 365] [374 495 383] [371 495 383] [368 495 400] [366 495 400] [363 495 415] [358 495 415] [354 495 415] [349 495 431] [345 495 448] [341 494 448] [337 494 464] [333 493 464] [329 493 482] [328 492 482] [326 491 482] [324 491 500] [323 490 500] [321 489 517] [320 488 517] [319 488 532] [318 487 532] [317 487 550] [316 486 550] [315 486 566] [314 486 566] [313 485 583] [311 484 583] [310 483 598] [308 482 598] [307 481 598] [305 479 616] [303 479 632] [300 478 632] [298 476 633] [296 476 650] [296 475 650] [294 474 664] [293 473 664] [291 473 683] [289 471 683] [287 470 698] [286 470 698] [286 470 832]


