add block0 to ground-part at [0.25 0.35 0.25] [0.0 1.0 0.0 0.0]
scale block0 by [1.0 0 0]
add track1 to block0 at [-0.5 1.25 0.0] [0.0 1.0 0.0 0.0]
scale track1 by [0 1 0]
mouse right [348 269 0] [348 269 154]
mouse right [207 437 0] [207 438 27] [208 439 27] [208 440 27] [208 441 35] [209 442 51] [209 443 77] [210 444 110] [211 444 138] [212 444 138] [213 445 138] [214 446 150] [215 447 150] [216 447 163] [217 447 163] [219 447 177] [220 448 194] [221 448 194] [223 448 194] [224 449 211] [226 450 211] [227 450 228] [229 450 228] [230 450 244] [232 450 244] [233 451 261] [235 451 261] [237 451 278] [240 451 278] [244 452 294] [246 453 311] [250 453 311] [253 453 328] [257 454 328] [260 456 345] [265 456 345] [269 457 368] [273 458 368] [276 459 380] [279 459 380] [282 459 380] [285 459 395] [286 459 395] [288 459 411] [289 459 427] [291 459 427] [292 459 427] [294 459 444] [296 459 444] [298 459 461] [302 459 461] [305 459 478] [308 459 478] [311 459 494] [314 460 495] [316 460 511] [318 461 511] [321 461 527] [322 461 528] [324 462 544] [326 462 545] [328 462 545] [329 463 561] [331 463 561] [333 463 577] [335 463 578] [338 464 594] [342 465 594] [345 465 611] [349 465 611] [352 466 627] [355 467 628] [358 468 644] [360 468 644] [362 468 644] [364 468 661] [367 468 661] [368 468 677] [370 468 678] [371 468 694] [373 468 694] [376 468 711] [378 468 711] [380 468 726] [381 468 727] [383 468 744] [385 468 744] [386 468 761] [388 468 761] [389 468 761] [391 468 779] [392 468 779] [394 468 793] [395 467 793] [398 466 809] [400 465 809] [403 464 826] [405 463 826] [407 462 843] [411 461 843] [414 460 859] [417 459 859] [420 459 876] [422 458 876] [423 457 876] [425 456 893] [427 455 893] [429 453 909] [432 452 909] [435 450 926] [438 449 926] [441 447 942] [444 446 942] [446 444 960] [447 443 960] [449 442 977] [450 441 977] [450 440 1093] [450 440 1214]
* set free of track1 to true
* set value of track1 to 0.03031233138319075
add block2 to track1 at [-2.9802322E-8 0.24999876 -8.940697E-8] [0.0 1.0 0.0 0.0]
scale block2 by [0 -0.4 0]
scale block2 by [0 0 1.0000000000000002]
set color of block2 to yellow
