0 0 0 0 0 0 0 0 0 
0 0 0 0 0 0 0 0 0 
0 0 5 0 0 0 5 0 0 
0 5 5 5 0 5 5 5 0 
0 5 0 5 0 5 0 5 0 
0 0 0 0 0 0 0 0 0 
0 0 0 0 0 0 0 0 0 
0 0 0 0 0 0 0 0 0 
0 0 0 0 0 0 0 0 0 

0 0 0 0 0 0 0 0 0 
0 0 0 0 0 0 0 0 0 
0 0 0 0 0 0 0 0 0 
0 0 5 0 0 0 5 0 0 
0 0 0 0 0 0 0 0 0 
0 0 0 0 0 0 0 0 0 
0 0 0 0 0 0 0 0 0 
0 0 0 0 0 0 0 0 0 
0 0 0 0 0 0 0 0 0 

0 0 0 0 0 0 0 0 0 
0 0 0 0 0 0 0 0 0 
0 0 0 0 0 0 0 0 0 
0 0 5 0 0 0 5 0 0 
0 0 0 0 0 0 0 0 0 
0 0 0 0 0 0 0 0 0 
0 0 0 0 0 0 0 0 0 
0 0 0 0 0 0 0 0 0 
0 0 0 0 0 0 0 0 0 

0 7 0 0 0 0 0 7 0 
0 7 0 0 0 0 0 7 0 
0 7 7 7 7 7 7 7 0 
0 7 7 7 7 7 7 7 0 
0 0 7 7 0 7 7 0 0 
0 0 0 0 0 0 0 0 0 
0 0 0 0 0 0 0 0 0 
0 0 0 0 0 0 0 0 0 
0 0 0 0 0 0 0 0 0 

0 0 0 0 0 0 0 0 0 
0 7 7 7 7 7 7 7 0 
0 7 7 7 7 7 7 7 0 
0 7 7 7 7 7 7 7 0 
0 0 7 7 7 7 7 0 0 
0 0 0 7 7 7 0 0 0 
0 0 0 0 0 0 0 0 0 
0 0 0 0 0 0 0 0 0 
0 0 0 0 0 0 0 0 0 

0 0 0 7 7 7 0 0 0 
0 0 7 7 7 7 7 0 0 
0 7 7 7 7 7 7 7 0 
0 7 7 7 7 7 7 7 0 
0 0 7 7 7 7 7 0 0 
0 0 7 7 7 7 7 0 0 
0 0 0 0 9 0 0 0 0 
0 0 0 0 0 0 0 0 0 
0 0 0 0 0 0 0 0 0 

0 0 0 0 0 0 0 0 0 
0 0 0 0 0 0 0 0 0 
0 0 7 7 7 7 7 0 0 
0 0 7 7 7 7 7 0 0 
0 0 7 7 7 7 7 0 0 
0 0 7 7 7 7 7 0 0 
0 0 0 0 9 0 0 0 0 
0 0 0 0 0 0 0 0 0 
0 0 0 0 0 0 0 0 0 

0 0 0 0 0 0 0 0 0 
0 0 0 0 0 0 0 0 0 
0 0 0 7 7 7 0 0 0 
0 0 7 7 7 7 7 0 0 
0 0 7 7 7 7 7 0 0 
0 0 7 7 7 7 7 0 0 
0 0 0 0 5 0 0 0 0 
0 0 0 0 5 0 0 0 0 
0 0 0 0 0 0 0 0 0 

0 0 0 0 0 0 0 0 0 
0 0 0 0 0 0 0 0 0 
0 0 0 0 0 0 0 0 0 
0 0 7 7 7 7 7 0 0 
0 0 7 7 7 7 7 0 0 
0 0 7 7 7 7 7 0 0 
0 0 0 0 5 0 0 0 0 
0 0 0 0 5 0 0 0 0 
0 0 0 0 0 0 0 0 0 

0 0 0 0 0 0 0 0 0 
0 0 0 0 0 0 0 0 0 
0 0 0 0 0 0 0 0 0 
0 0 7 7 7 7 7 0 0 
0 0 7 7 7 7 7 0 0 
0 0 7 1 7 1 7 0 0 
0 0 0 0 0 0 0 0 0 
0 0 0 0 0 0 0 0 0 
0 0 0 0 0 0 0 0 0 

0 0 0 0 0 0 0 0 0 
0 0 0 0 0 0 0 0 0 
0 0 0 0 0 0 0 0 0 
0 0 7 7 7 7 7 0 0 
0 0 7 7 7 7 7 0 0 
0 0 7 3 7 3 7 0 0 
0 0 0 0 0 0 0 0 0 
0 0 0 0 0 0 0 0 0 
0 0 0 0 0 0 0 0 0 

0 0 0 0 0 0 0 0 0 
0 0 0 0 0 0 0 0 0 
0 0 0 0 0 0 0 0 0 
0 0 7 7 7 7 7 0 0 
0 0 7 7 7 7 7 0 0 
0 0 7 7 7 7 7 0 0 
0 0 0 0 0 0 0 0 0 
0 0 0 0 0 0 0 0 0 
0 0 0 0 0 0 0 0 0 

0 0 0 0 0 0 0 0 0 
0 0 0 0 0 0 0 0 0 
0 0 0 0 0 0 0 0 0 
0 0 0 7 7 7 0 0 0 
0 0 0 7 7 7 0 0 0 
0 0 0 7 7 7 0 0 0 
0 0 0 0 0 0 0 0 0 
0 0 0 0 0 0 0 0 0 
0 0 0 0 0 0 0 0 0 

0 0 0 0 0 0 0 0 0 
0 0 0 0 0 0 0 0 0 
0 0 0 0 0 0 0 0 0 
0 0 0 0 9 0 0 0 0 
0 0 0 0 9 0 0 0 0 
0 0 0 0 0 0 0 0 0 
0 0 0 0 0 0 0 0 0 
0 0 0 0 0 0 0 0 0 
0 0 0 0 0 0 0 0 0 

0 0 0 0 0 0 0 0 0 
0 0 0 0 0 0 0 0 0 
0 0 0 0 0 0 0 0 0 
0 0 0 0 9 0 0 0 0 
0 0 0 0 9 0 0 0 0 
0 0 0 0 0 0 0 0 0 
0 0 0 0 0 0 0 0 0 
0 0 0 0 0 0 0 0 0 
0 0 0 0 0 0 0 0 0 

